0	1.22663022277597
1	0.793021587512608
2	0.626293428564938
3	0.682309174310772
4	0.944706007077233
5	0.857819924350733
6	1.01134046134913
7	0.597164215163534
8	1.27467359642018
9	0.305868006445151
10	0.410700315171646
11	0.450923537492891
12	0.351607270383742
13	0.373424070159168
14	0.365738010925949
15	0.293211588722983
16	0.409287824386109
17	0.370748610562963
18	0.251361179730758
19	0.227326261254674
20	0.203752030196182
21	0.281000551803108
22	0.233297198304853
23	0.198043884385851
24	0.201500156554797
25	0.186924060848155
26	0.217719683793071
27	0.167675305265285
28	0.18396955427935
29	0.196331590182264
30	0.168925066009684
31	0.192281281708278
32	0.175697457468003
33	0.2340566439592
34	0.0821999899731896
35	0.0854719078759595
36	0.0847224556630133
37	0.0930444939636034
38	0.0820409861473717
39	0.0862224664503402
40	0.0807264680451497
41	0.0821668878828506
42	0.0782219260612746
43	0.0866260195640708
44	0.0792558120559624
45	0.0822585406249952
46	0.0786119437382229
47	0.0827057343012793
48	0.0801803410085646
49	0.0820111584005403
50	0.0788335598110052
51	0.0752978986004617
52	0.0804014452437215
53	0.0832307758128627
54	0.0830982077564804
55	0.0769148890358982
56	0.0772594751418124
57	0.0785504424450504
58	0.0769585976412439
59	0.0771182135430706
60	0.0801281184670578
61	0.0757412746208492
62	0.0789360988162257
63	0.0780427065567733
64	0.0747467694784472
65	0.0804701925211248
66	0.0751803565392702
67	0.0819269942106552
68	0.0808517571166219
69	0.0832019659397859
70	0.0788622108290658
71	0.0780644608908955
72	0.0347896567280151
73	0.0340581573218865
74	0.0344455414792707
75	0.0340400650610517
76	0.0358516671613496
77	0.0349587998488865
78	0.0355584018127433
79	0.0346891641972662
80	0.035181611232478
81	0.0350819471384544
82	0.0352721293832647
83	0.0354346627919376
84	0.0345664949832441
85	0.0357341051752071
86	0.0342137962547592
87	0.0357489075591482
88	0.0354293334785352
89	0.0343091088554928
90	0.0342126913908337
91	0.0343653425375921
92	0.0340965668046797
93	0.0341833319325677
94	0.034511425314861
95	0.0346305791484963
96	0.0339835787175997
97	0.0355757313248642
98	0.0367065393531118
99	0.0345104016070977
