0	0.628021294452442
1	0.741638800853359
2	0.538182425777759
3	0.16069405777342
4	0.202162674842173
5	0.15940061291418
6	0.195225760798377
7	0.164139012564917
8	0.173029829935026
9	0.186942387669287
10	0.173715966402168
11	0.16087906764492
12	0.16637349811937
13	0.183483771809744
14	0.181882184401967
15	0.184061578844579
16	0.182075710466987
17	0.169729684063416
18	0.163657745665249
19	0.160379607406403
20	0.175333189948251
21	0.201314301386371
22	0.167489610028098
23	0.178564715230754
24	0.162511631372498
25	0.199709946817413
26	0.189409304303589
27	0.164687782563187
28	0.160533771536468
29	0.162548592239182
30	0.13735927764504
31	0.132963125803869
32	0.124815353157097
33	0.123340355956891
34	0.116662072319123
35	0.120475638418429
36	0.121464475543782
37	0.120875648951337
38	0.135813074896889
39	0.122120055014471
40	0.134589711858131
41	0.115920671807187
42	0.115819085977754
43	0.14008192021072
44	0.121142708157003
45	0.134639021720656
46	0.124694687813994
47	0.118641451553767
48	0.117971280889317
49	0.120002222779792
50	0.134104105043083
51	0.124895418408156
52	0.129574682763804
53	0.127753525447776
54	0.115555002697479
55	0.125737730717515
56	0.122032398408074
57	0.116412808126549
58	0.126642319336496
59	0.137280834656445
60	0.127625160571852
61	0.118469942054817
62	0.139250789595611
63	0.116217812563537
64	0.12969359105281
65	0.12228879440513
66	0.128100756454537
67	0.150176947445682
68	0.117216843836852
69	0.122622223711765
70	0.117673262205534
71	0.124196763062803
72	0.122831249344633
73	0.114986479221809
74	0.135938793177265
75	0.125217322520816
76	0.140834050773215
77	0.123069370382615
78	0.129170769529381
79	0.11956179878956
80	0.114824204550871
81	0.119324584799863
82	0.124170873527526
83	0.114753844697693
84	0.129352673046855
85	0.135425678700823
86	0.11477247096085
87	0.125381223648818
88	0.126344510159773
89	0.114109515569787
90	0.1154756918033
91	0.122426615519683
92	0.123396212102641
93	0.116232157720899
94	0.126472353286907
95	0.122732723627817
96	0.129640653428667
97	0.132527896086197
98	0.137291401033672
99	0.132302285866818
