0	0.798821259069135
1	0.562878706134735
2	0.309576478682523
3	0.315825781881333
4	0.345073251931644
5	0.329303711403691
6	0.407214368803461
7	0.352585423229814
8	0.43605778245407
9	0.346532311059279
10	0.134880066558229
11	0.132066559159574
12	0.133000825795461
13	0.121008743883086
14	0.143844732070952
15	0.130827583182185
16	0.122858570053537
17	0.132762053054364
18	0.158127074629544
19	0.1229497044106
20	0.130813423914338
21	0.129969684151032
22	0.119627890512288
23	0.137726481860418
24	0.13709633618365
25	0.126580599759464
26	0.129141523865631
27	0.141371951686647
28	0.135575066392025
29	0.137517467995661
30	0.134934815437604
31	0.125850318464232
32	0.115655820273216
33	0.122586822696593
34	0.125816413781748
35	0.132437937285127
36	0.109452918669322
37	0.11767851046879
38	0.123282128585317
39	0.127473496789589
40	0.115686111607409
41	0.12024051885143
42	0.125910099690722
43	0.119756452561699
44	0.130085677502487
45	0.123613536145433
46	0.110102667810569
47	0.125630227753402
48	0.129492248389243
49	0.121199351273211
50	0.120736438401138
51	0.13015374265741
52	0.127948195107394
53	0.126877494590583
54	0.112822574383377
55	0.112242929057667
56	0.118818149762054
57	0.115559298639455
58	0.118427717285917
59	0.125029685244943
60	0.118627722116915
61	0.113526217320329
62	0.112381692084304
63	0.113407497135421
64	0.111963412882943
65	0.125373340961455
66	0.121053541416561
67	0.11634291442095
68	0.115025406789555
69	0.126912568788991
70	0.125177101910427
71	0.126798816473184
72	0.123013169094
73	0.109653786304236
74	0.123773520447716
75	0.116683547333333
76	0.110977458807709
77	0.115317540205927
78	0.113921102996161
79	0.11169857496921
80	0.119242649082067
81	0.110256526473208
82	0.11504484101391
83	0.128679496913822
84	0.118238078477636
85	0.110684756103936
86	0.126236062469963
87	0.123563121353251
88	0.116040406476568
89	0.13156217464617
90	0.128919379106614
91	0.11418448448721
92	0.115054313286048
93	0.126917715540217
94	0.119792239754555
95	0.120419597766664
96	0.113327827391005
97	0.120898506080592
98	0.115277520457464
99	0.116006341499993
