0	1.59743783039379
1	0.9332788413857
2	0.902729499895621
3	0.518828173196892
4	0.697458701566421
5	0.520014857146725
6	0.263948990020155
7	0.393399558468238
8	0.243244230351618
9	0.255909377011348
10	0.256439452947418
11	0.219219590111619
12	0.228583611165669
13	0.249477143006334
14	0.245453863502072
15	0.235947474919668
16	0.292064144932964
17	0.268503417427989
18	0.217829249382207
19	0.267714733380491
20	0.232454695900989
21	0.232656111261839
22	0.238907743337139
23	0.164733224856916
24	0.158496659982941
25	0.172964054390372
26	0.151579904285546
27	0.152435028682236
28	0.153243735170996
29	0.166796599491141
30	0.150050059027579
31	0.172294118809274
32	0.163187622644668
33	0.149985100444309
34	0.167801652121068
35	0.18094107400698
36	0.148325988543812
37	0.168315320900192
38	0.151434279100086
39	0.168975902237079
40	0.157211719559149
41	0.176073073103988
42	0.166289738388651
43	0.179389450143219
44	0.159041409879295
45	0.154335932193879
46	0.161300547641635
47	0.166464129982439
48	0.160040429681813
49	0.159804161719563
50	0.167104534530685
51	0.156173396233941
52	0.152844108621156
53	0.172903696183649
54	0.157794645209587
55	0.153752709044709
56	0.152182150653492
57	0.163567512943152
58	0.152268435223261
59	0.153912896437221
60	0.156565627895835
61	0.167555664451797
62	0.165666007614756
63	0.168687494680554
64	0.156504366143457
65	0.148850737730819
66	0.16812372015168
67	0.148757017551305
68	0.148287233209552
69	0.151109702771481
70	0.150876798736013
71	0.173757024950888
72	0.151143116873611
73	0.160473786506957
74	0.184027840898684
75	0.159560757311757
76	0.183954389704294
77	0.176361470019569
78	0.162157293156291
79	0.149400450990614
80	0.149261375112876
81	0.153143177197264
82	0.162947308430622
83	0.159054342620255
84	0.160023737163989
85	0.174830378745833
86	0.181345749199022
87	0.157672639636995
88	0.0672396914594945
89	0.066739075635184
90	0.0691068750893284
91	0.0707117434876306
92	0.0691797612500404
93	0.0701322105122178
94	0.0291890941694246
95	0.0283219661643575
96	0.0273108394174488
97	0.0287797490864371
98	0.0274980826458493
99	0.027883259680048
