0	0.222770372332943
1	0.326295632865657
2	0.310567856644814
3	0.268686965105726
4	0.245178027384782
5	0.264526521260205
6	0.221558491615693
7	0.045422395708513
8	0.0488820200154155
9	0.0493964802713371
10	0.0467107605436041
11	0.0461543781936053
12	0.0464939811353364
13	0.0459657133951648
14	0.0472058578696333
15	0.0486960002552577
16	0.0475998406451437
17	0.048283840783764
18	0.0487935487832027
19	0.0462260755782008
20	0.0473141586397425
21	0.0455881024335723
22	0.0467430900359381
23	0.0466097541585332
24	0.0476390609374182
25	0.0483004547812292
26	0.0502041639837016
27	0.0455487490297507
28	0.0469180927875476
29	0.0505077396410384
30	0.0459594092623346
31	0.048825801403267
32	0.0453996826168703
33	0.0460800402271478
34	0.0478717648040336
35	0.0455418081521868
36	0.0463913154807699
37	0.0471464261340549
38	0.0461815537131756
39	0.0462447822709689
40	0.0454455838388655
41	0.046614123395071
42	0.0457839942161714
43	0.0456437465070225
44	0.045945095532327
45	0.0455721798026542
46	0.0456396191536466
47	0.0465819797011047
48	0.0465919108634118
49	0.0459097150693095
50	0.0468716143692496
51	0.0459949750286246
52	0.0454807124345472
53	0.0466405041356245
54	0.0456469989656804
55	0.0470133555901838
56	0.0454608149283567
57	0.046525924088883
58	0.0498855556037369
59	0.045613900509059
60	0.0495207507034077
61	0.0489019197418861
62	0.0469538950390066
63	0.0480097798754478
64	0.0457260033592269
65	0.0454162010668373
66	0.046140406999089
67	0.048228049587749
68	0.0473009246116789
69	0.0461416740245782
70	0.04539706730732
71	0.0453436478313873
72	0.0476966400226701
73	0.0456827962167397
74	0.047271576292648
75	0.0470639065972927
76	0.0467962815450675
77	0.048483567039345
78	0.0456948292488948
79	0.0475454918477984
80	0.0472164035459193
81	0.0474369735842864
82	0.0496445521816342
83	0.0463317611309755
84	0.0471269444919008
85	0.0480668249213923
86	0.0461399546385712
87	0.0494511205371824
88	0.0456344441627401
89	0.0466406048701158
90	0.0486051189994686
91	0.0472731038767266
92	0.0467997093225809
93	0.0493150246441258
94	0.0471171775483856
95	0.045449009007593
96	0.0457756870539487
97	0.0454710341501058
98	0.0469059651344782
99	0.0471321116480969
