0	0.403522003213283
1	0.225010488938055
2	0.225716004287351
3	0.208636942009617
4	0.201923538532431
5	0.258849887962555
6	0.238191439950236
7	0.211026322595665
8	0.206366049501417
9	0.103081520750764
10	0.128367169748524
11	0.107375173541749
12	0.107021769972851
13	0.102111093400622
14	0.101247995582709
15	0.109057733881855
16	0.103920916507601
17	0.122499531229573
18	0.105143106243017
19	0.113419982963398
20	0.101282225118953
21	0.112659047756539
22	0.104170897647509
23	0.107289333760933
24	0.1133132629385
25	0.107826025685767
26	0.120195879833824
27	0.101151043046622
28	0.105356294103
29	0.12371268758614
30	0.11461065553631
31	0.105764288805944
32	0.111594654703989
33	0.104480710163036
34	0.102372798813809
35	0.110667655511467
36	0.10421781771016
37	0.102296828661334
38	0.119674683686359
39	0.108502210858046
40	0.108998198914829
41	0.111151511677248
42	0.107888442168242
43	0.103934006325731
44	0.111074981092714
45	0.103319168587698
46	0.100777421342575
47	0.101268106554411
48	0.103637060567798
49	0.11138148630609
50	0.101222591081412
51	0.114140093605436
52	0.10224372263682
53	0.122577416205557
54	0.103946795635711
55	0.11273988256909
56	0.105248966715287
57	0.101022048158272
58	0.101903921303495
59	0.106684585227041
60	0.103559781600817
61	0.105956559248603
62	0.109031708850746
63	0.116212784431651
64	0.105916417017227
65	0.111594662387024
66	0.119875231805987
67	0.119938634830155
68	0.105927941137779
69	0.116160420927807
70	0.10537527099963
71	0.105559077473693
72	0.108084937470275
73	0.113701303150928
74	0.101373832207938
75	0.102565877445737
76	0.113125485725341
77	0.114405223756757
78	0.104761808039694
79	0.109804048776741
80	0.116429486416939
81	0.113139162295888
82	0.103852069754111
83	0.102186455634987
84	0.110010850407668
85	0.117720631497595
86	0.103170150056115
87	0.101080428296331
88	0.104935428419838
89	0.106505249604157
90	0.106988028444043
91	0.12353738005514
92	0.119916551614276
93	0.116440012225586
94	0.122786477619098
95	0.11182838693423
96	0.130338630075155
97	0.125131395762446
98	0.115114276605993
99	0.136937303197313
