0	0.955016973755433
1	0.42588103216093
2	0.316390390141809
3	0.308893759927101
4	0.275521130222299
5	0.129809659914558
6	0.11381815018517
7	0.118648036457475
8	0.12554954392328
9	0.120499707959945
10	0.117014108248753
11	0.0304955867231236
12	0.0301609302511532
13	0.0301303978461894
14	0.0294963538253756
15	0.0298020408524233
16	0.0298993115098465
17	0.0304320557100369
18	0.0297686793714781
19	0.0309474306863767
20	0.0295906554214436
21	0.030291572004643
22	0.0311084853359174
23	0.029520849210215
24	0.0311019614408547
25	0.0295905197310186
26	0.0294190199717353
27	0.0313066246559421
28	0.0297369730800749
29	0.030531307612759
30	0.0299486801491038
31	0.0304577590271581
32	0.0299400709226005
33	0.0310117840454028
34	0.0308904829679487
35	0.0300405818631392
36	0.0298568843008799
37	0.0308147944039902
38	0.0294822851861197
39	0.0294568361039803
40	0.0302931292176597
41	0.0295493419734253
42	0.0297084993645676
43	0.0304734635967315
44	0.0296871809864586
45	0.0297217614048504
46	0.0302160522846567
47	0.0294704353412493
48	0.030023696134619
49	0.031053626887076
50	0.0301776578835533
51	0.0296825303395845
52	0.0313223709059147
53	0.0312369745919627
54	0.030248363089849
55	0.0302125932463873
56	0.0296998400351997
57	0.0313270962074456
58	0.029490104225751
59	0.0304638403389148
60	0.0326697599852469
61	0.0295568372701003
62	0.0298243287690698
63	0.0295804869301989
64	0.0306333329295132
65	0.0299937962561365
66	0.0298706279955492
67	0.0294066541025552
68	0.0306303334999848
69	0.0313013701189028
70	0.0302918917404771
71	0.0299547914623475
72	0.0300417751792673
73	0.0311734635695011
74	0.0299101308149265
75	0.029568386996932
76	0.0299007822629667
77	0.0308293865497316
78	0.0297432794111353
79	0.0310380843279301
80	0.0302412896083787
81	0.0296344259453543
82	0.030910993305921
83	0.0295535489583534
84	0.0312961755927783
85	0.0311158994147236
86	0.0295077437089773
87	0.0306913573770087
88	0.0297701640584708
89	0.0302224193612739
90	0.0315961480104851
91	0.0295410354338164
92	0.0308381979950954
93	0.0295796817346558
94	0.0298439913777399
95	0.0307886212734063
96	0.030507672443355
97	0.0299836036219873
98	0.029471930284552
99	0.0303568363956228
