0	0.690940491831551
1	0.741225397475181
2	0.590744280325424
3	0.655665361582809
4	0.217569176801703
5	0.215387824584359
6	0.2507382480173
7	0.220714440354588
8	0.230020480436946
9	0.225594135680572
10	0.256255327195181
11	0.260218370653005
12	0.220899648881332
13	0.217752957799823
14	0.237793664991798
15	0.229977385137039
16	0.224795106818253
17	0.098160281178645
18	0.10093225058671
19	0.0980939904805975
20	0.103616196781238
21	0.0971988770618733
22	0.0952479918057347
23	0.0921254816177085
24	0.092464031613952
25	0.0922221350003005
26	0.106303239387227
27	0.0981825623878788
28	0.102469777997949
29	0.0975261950542018
30	0.0966961215756193
31	0.110594812778952
32	0.0931951067864055
33	0.0957089571423968
34	0.092803198700233
35	0.0979950590578096
36	0.0944175680609874
37	0.0920284483814485
38	0.0948679291205088
39	0.0958355560967434
40	0.0957160034586968
41	0.0983835520420083
42	0.101130019452761
43	0.0977731151292304
44	0.0923395186267982
45	0.097915782647878
46	0.107208126841291
47	0.0977906263352357
48	0.104193278147307
49	0.100859253974238
50	0.0951980280758348
51	0.0352431519644271
52	0.0337494480680287
53	0.033244028741352
54	0.0330996326776045
55	0.0336205519366529
56	0.0331529106749138
57	0.0339869198633938
58	0.0334317848500799
59	0.0339767280671948
60	0.0331364475479046
61	0.0331669921957069
62	0.0343788431432623
63	0.0335478034368447
64	0.0337388136395893
65	0.0332191901254842
66	0.0341133251637609
67	0.0332947108827578
68	0.0331464978347278
69	0.0338988838478671
70	0.0335837999504678
71	0.0349591821841701
72	0.0341765044191603
73	0.0333702641008782
74	0.0331862371802871
75	0.0338447829723776
76	0.0335567559257537
77	0.0332537339972571
78	0.034693135428068
79	0.0331350785435484
80	0.033097211521396
81	0.0349531688322658
82	0.0344903102132208
83	0.0333540253242474
84	0.0352467290058965
85	0.033084619967697
86	0.0329970884626754
87	0.0333250461054906
88	0.032943814519941
89	0.0340732375907561
90	0.0331289003501854
91	0.0339068611679795
92	0.033500610442363
93	0.0329506842684072
94	0.034137574020708
95	0.0338639552415602
96	0.0329831993852017
97	0.0337334778968049
98	0.0344849518566233
99	0.0334477986777829
