0	0.396738372118305
1	0.393502347009505
2	0.375676393261498
3	0.242290751247856
4	0.257101011500452
5	0.267202645150441
6	0.227962915459026
7	0.169635625561405
8	0.0232353148474411
9	0.0235588563826941
10	0.0230875163943704
11	0.0247948910146052
12	0.0244138134794892
13	0.0231678057047948
14	0.0236638968284174
15	0.0232552831796791
16	0.0234715782907132
17	0.0236885809947535
18	0.0230891231988304
19	0.0237111334952949
20	0.0236703330305212
21	0.023359753712469
22	0.0237671952123553
23	0.0230884310082775
24	0.0230664652533915
25	0.0232378996020099
26	0.0242028351947239
27	0.0232801847649327
28	0.0238804222552276
29	0.0230812783535451
30	0.0238023033233749
31	0.0232340615937463
32	0.0237224920421298
33	0.0231772033056596
34	0.0233223151021635
35	0.0231112303082826
36	0.0235491633935089
37	0.0232805810478667
38	0.0238932698808129
39	0.0230683141765687
40	0.0234354753237496
41	0.0238571204310781
42	0.0237067301523978
43	0.0242006139296067
44	0.0244251514959058
45	0.0239443091664083
46	0.0235293844719747
47	0.0236093917534328
48	0.0234817934702381
49	0.0230811631926275
50	0.0231164791583353
51	0.0233452630511174
52	0.0234092677141976
53	0.0238393830912627
54	0.0235812502430253
55	0.0234697640750987
56	0.023875901555269
57	0.0231778264866631
58	0.0235083503134151
59	0.0246045707652363
60	0.0231440572162595
61	0.0238817166437899
62	0.023182054350036
63	0.0234368630294434
64	0.0230608898271301
65	0.0231466270772018
66	0.0231622441735971
67	0.023499647484563
68	0.0238382310360882
69	0.0231913983638346
70	0.0239028139864499
71	0.0234951416117598
72	0.0232286597276142
73	0.0234926863395516
74	0.0232984906929653
75	0.0231105872220351
76	0.0231885580470994
77	0.0233560623723152
78	0.0238228860334461
79	0.0231692444339209
80	0.0232293858157598
81	0.0245073430402929
82	0.0231710741562603
83	0.0240680067528282
84	0.0235513115908626
85	0.0233518929291308
86	0.0230762219912124
87	0.0232637299051065
88	0.0235061862163246
89	0.0233553810474066
90	0.0239570307770766
91	0.0231444342652558
92	0.0243124637073638
93	0.0230703341174117
94	0.0231782108839159
95	0.0241358868788778
96	0.0238948907636469
97	0.0232634921351965
98	0.0232838833711697
99	0.0231266951142932
