0	0.518277918532585
1	0.408703601967955
2	0.138943510381125
3	0.134660295742371
4	0.142951881783295
5	0.141439950680682
6	0.149492523121414
7	0.135284201248753
8	0.157817146110664
9	0.151324104329212
10	0.155315015752575
11	0.137117000663681
12	0.146110112724326
13	0.145754057229462
14	0.140983614108511
15	0.155756484498589
16	0.154997953259484
17	0.137900134717934
18	0.146418671734563
19	0.154151808252136
20	0.15916018650934
21	0.138658320329265
22	0.136431043016372
23	0.13544097265332
24	0.136377026524778
25	0.150733658243512
26	0.141181201812309
27	0.139084918728485
28	0.16269557756756
29	0.136601030125354
30	0.171278509614571
31	0.133061351739409
32	0.156415025085504
33	0.150771450283055
34	0.148719540282442
35	0.145347386569117
36	0.133261980600615
37	0.139010531147828
38	0.133886171688862
39	0.139375581751097
40	0.153476569763436
41	0.145190048209407
42	0.135705518122606
43	0.136801446066322
44	0.152729645871738
45	0.156439435393226
46	0.151216619695395
47	0.16422669333398
48	0.150850926399726
49	0.14258553153643
50	0.145771975837558
51	0.159294879104103
52	0.150918908350266
53	0.150457990952873
54	0.155748211014802
55	0.153031114570249
56	0.149409642154913
57	0.148144741886273
58	0.162436152730317
59	0.151630044244031
60	0.153599305432334
61	0.135339883882674
62	0.13922210091768
63	0.142796382502038
64	0.135167682212488
65	0.146664747788314
66	0.143015200306705
67	0.136804399436999
68	0.145868074126678
69	0.154733055820357
70	0.134683445717331
71	0.150462491772462
72	0.136083823218393
73	0.143317616103043
74	0.13425510174602
75	0.14466594490629
76	0.156604505658016
77	0.147299333898064
78	0.0533667578987147
79	0.0567693721850157
80	0.052766084532437
81	0.0545181886695352
82	0.0524619521823612
83	0.0528896056781661
84	0.0543463001766258
85	0.053767759013133
86	0.052315586620627
87	0.0539582856194935
88	0.0536838381955957
89	0.0593860550018021
90	0.0525318006617477
91	0.0539478956539797
92	0.0527808496973353
93	0.0537211545827332
94	0.0520994690607847
95	0.0549983172957459
96	0.0556699978144036
97	0.0535795420630445
98	0.0530348946614714
99	0.0559776392595942
