0	1.75663916742712
1	1.07398220875414
2	0.316478609249028
3	0.452859045083129
4	0.453562308380337
5	0.337750310958899
6	0.24888601631728
7	0.232461341704453
8	0.273991533012294
9	0.27414410206387
10	0.220860536960766
11	0.247879061717028
12	0.290057564352839
13	0.220007303765165
14	0.181347459387802
15	0.21729044855305
16	0.184019963199475
17	0.191092539588875
18	0.151853860570769
19	0.175432596508034
20	0.15591961248073
21	0.152534757109441
22	0.162154557953046
23	0.154181092060795
24	0.159294915978572
25	0.161480972017867
26	0.159185331254169
27	0.168881015838617
28	0.204880077253581
29	0.150128517581306
30	0.145322488840205
31	0.159545532466123
32	0.159641766507787
33	0.151288078175081
34	0.164549156270238
35	0.145856295649557
36	0.146873920564438
37	0.162746821647161
38	0.166145644207788
39	0.157864204546406
40	0.150178496668188
41	0.148201198319347
42	0.149185261188964
43	0.157702856833913
44	0.159982025191278
45	0.171192924782928
46	0.152864221751956
47	0.144658740010631
48	0.151212366678133
49	0.146741293462951
50	0.156981797349267
51	0.181681007626253
52	0.151740441214197
53	0.14384023507541
54	0.166482213316811
55	0.149504201890334
56	0.170123879596909
57	0.147497459562044
58	0.153745227088756
59	0.162535370291886
60	0.151518177613092
61	0.175477653747662
62	0.172349210030213
63	0.152457587216191
64	0.154396083356708
65	0.16433288245019
66	0.165634347119514
67	0.160639332616711
68	0.151685653056824
69	0.148555338922358
70	0.171299196944925
71	0.169701402837909
72	0.143750529265529
73	0.180207909315575
74	0.158509066965946
75	0.143694266211927
76	0.162697832032037
77	0.145745730008448
78	0.157007493274448
79	0.16159411221563
80	0.167055984527415
81	0.154896620999683
82	0.151253865027704
83	0.146600042448825
84	0.15238310785179
85	0.175198350777957
86	0.150558141350497
87	0.151934840375253
88	0.14500596012108
89	0.190652198140296
90	0.161595478392502
91	0.0887825912085807
92	0.0835776731022284
93	0.0819134630581295
94	0.0869410150256842
95	0.0867554297845974
96	0.0823726635894134
97	0.0826435990119585
98	0.0808949165410045
99	0.0825123954597099
