0	0.859110390742065
1	0.795605820030228
2	0.544760308005555
3	0.74045950125262
4	0.770052475107411
5	0.580001720082212
6	0.532602016446687
7	0.675638793341962
8	0.528007107903758
9	0.537324224495316
10	0.417491473940916
11	0.450137163928423
12	0.564503903511144
13	0.495853933103803
14	0.36693865578763
15	0.345675079699409
16	0.50239025813352
17	0.420383661690941
18	0.404683597270826
19	0.436041177361576
20	0.416381585315399
21	0.453060085264345
22	0.347577959607356
23	0.34648943346228
24	0.25709023313813
25	0.273931263407255
26	0.328890560780253
27	0.230857577200265
28	0.195814968986505
29	0.186067941406174
30	0.201406635598486
31	0.208704150524926
32	0.215057231890089
33	0.175562640238993
34	0.187931489560299
35	0.196475213043867
36	0.187340148618846
37	0.214583648441496
38	0.202246147300192
39	0.174723945627765
40	0.179370415413696
41	0.180269116146303
42	0.209330622316803
43	0.184283092077946
44	0.190742683454206
45	0.188655461664371
46	0.179261619315315
47	0.220179345436714
48	0.195666690886002
49	0.10186855483322
50	0.100005255742535
51	0.111252715685472
52	0.108727850129943
53	0.107223572963609
54	0.104140306687328
55	0.108763214023199
56	0.108741026182791
57	0.112541457809937
58	0.102153434309382
59	0.106945891585152
60	0.126003757586069
61	0.106124936097785
62	0.114721495392869
63	0.110669189209039
64	0.104449246137861
65	0.116032472345858
66	0.103474456509855
67	0.104767829959795
68	0.108829993513979
69	0.100542702748125
70	0.114230471685311
71	0.100610391664763
72	0.118749748846667
73	0.109771699840323
74	0.102382242300192
75	0.117731403445524
76	0.109894032812709
77	0.11587799359636
78	0.104839713400401
79	0.0566388666589536
80	0.0576702851158506
81	0.0564564375994904
82	0.0565813806481326
83	0.0627078817437915
84	0.058953619666592
85	0.0569902118698513
86	0.0568930950062898
87	0.0550283455792372
88	0.0570042480262239
89	0.0565915632851837
90	0.0587772888800141
91	0.0554181382934428
92	0.0553027847647447
93	0.0589279511384447
94	0.0571389055621732
95	0.0571592405616472
96	0.0567281073229416
97	0.0608106576291766
98	0.0553902924313764
99	0.0585830143952569
