0	1.90578141129931
1	0.829261723490232
2	0.991152403534871
3	0.159823512473947
4	0.148306068552736
5	0.163879908210307
6	0.139989505900355
7	0.145471094742113
8	0.147307027378093
9	0.136039356633715
10	0.134518694673955
11	0.152176603111312
12	0.160304110688434
13	0.148873838355935
14	0.135071151105861
15	0.141504159371254
16	0.153011655057149
17	0.145083597179704
18	0.151505234636374
19	0.14445918309685
20	0.169029484822377
21	0.13885542271858
22	0.152783501040787
23	0.150529580234876
24	0.141576586846152
25	0.148771221272917
26	0.144118234115164
27	0.142643199620844
28	0.154257305739325
29	0.141707423978795
30	0.150314404364861
31	0.144709190686173
32	0.168710343929745
33	0.160241902959164
34	0.14702745769363
35	0.16041028644426
36	0.136398483915763
37	0.145397517830972
38	0.144787124236615
39	0.152126864864796
40	0.136930282892934
41	0.135884270248506
42	0.15627985826894
43	0.139092465497738
44	0.138749443839995
45	0.157712145538168
46	0.169146668565352
47	0.147830414303759
48	0.154860330655755
49	0.155731772541005
50	0.144936350705639
51	0.151520851961266
52	0.153698949359418
53	0.166523688640064
54	0.152314307855094
55	0.15498548556086
56	0.160920818402874
57	0.13446215345763
58	0.147165495587913
59	0.139224127767262
60	0.134893529715182
61	0.151184108622775
62	0.158043226400433
63	0.148347656787724
64	0.15913946899558
65	0.136887219926665
66	0.14672575369587
67	0.146287581255631
68	0.183469456749679
69	0.152406597622447
70	0.141905942911894
71	0.138564965949078
72	0.146207212415243
73	0.136846295923926
74	0.141881712865092
75	0.135632511684754
76	0.146544853511505
77	0.167427461886688
78	0.151337961995706
79	0.146943526156283
80	0.15694725941018
81	0.148714095458888
82	0.151609980825697
83	0.165066640595752
84	0.145942950025411
85	0.136945211376155
86	0.147873803507848
87	0.138566343578707
88	0.1508997849071
89	0.137098721722013
90	0.13224195591923
91	0.136007089974563
92	0.134618643735403
93	0.134745246816916
94	0.153754900749171
95	0.145679603057003
96	0.147516601395852
97	0.139278452163303
98	0.147564029964344
99	0.141175234693062
