0	0.702275217414743
1	0.683499455977426
2	0.659301703460054
3	0.77186489266169
4	0.416106980595482
5	0.422081831540758
6	0.262673759479475
7	0.26008739100575
8	0.248488017983568
9	0.272638168769332
10	0.224907164086295
11	0.217137362344822
12	0.214010547151379
13	0.22975558379434
14	0.24008397937927
15	0.312450211454475
16	0.354385856967324
17	0.231608975230352
18	0.223264496254858
19	0.25704531841301
20	0.23211205560615
21	0.217389559273818
22	0.225353870583729
23	0.23241284750962
24	0.251070293717947
25	0.303097475148196
26	0.336934589106837
27	0.222748780986826
28	0.241804588217418
29	0.233308993792305
30	0.254268441044233
31	0.263277033013298
32	0.220706312537833
33	0.210848230481363
34	0.271922362518964
35	0.203905225148105
36	0.228896418531422
37	0.251551533386267
38	0.253457548831009
39	0.209849829099624
40	0.266598206652692
41	0.27373633737962
42	0.245545686216065
43	0.208710598185345
44	0.211719403458027
45	0.299506004380738
46	0.261437572551016
47	0.242377381094203
48	0.241574003821131
49	0.209909208162475
50	0.235069814562497
51	0.21886634271125
52	0.219796240189493
53	0.234459298887225
54	0.254060214564806
55	0.24117667565142
56	0.218378403012095
57	0.2115178923763
58	0.205240825886993
59	0.202592527302691
60	0.255270206404611
61	0.203389198642521
62	0.235703001078258
63	0.246350629719491
64	0.279263504466363
65	0.214026546737873
66	0.238451530432956
67	0.228596951768304
68	0.226290329297649
69	0.256797343662342
70	0.227896088546996
71	0.242070081342622
72	0.240824647704775
73	0.232269547858406
74	0.23116569707184
75	0.23775745115252
76	0.2147099075503
77	0.222867439461855
78	0.20650155179378
79	0.236911690157173
80	0.211530813609006
81	0.262388129677102
82	0.207691556280219
83	0.229885368647068
84	0.21219950449442
85	0.20544842962195
86	0.034764978019086
87	0.0347818236295003
88	0.036183649706896
89	0.0345617582997025
90	0.0359573195083843
91	0.0362196520192516
92	0.0354922650172106
93	0.0371665859003376
94	0.0348879116901015
95	0.0346830590522879
96	0.0355399530802058
97	0.0358505956826424
98	0.0348561371082109
99	0.0344009120386539
