0	0.4503440143306
1	0.635721652418385
2	0.469911890104486
3	0.417916008571373
4	0.406787752331126
5	0.440610739048529
6	0.422453771842943
7	0.411133708374247
8	0.727277669852701
9	0.652842854747651
10	0.45978222937386
11	0.486103253719551
12	0.37706930467842
13	0.378116404082293
14	0.408702603145033
15	0.468027264224492
16	0.43155716037434
17	0.444752671395172
18	0.382788064624124
19	0.479514201056224
20	0.476844454422663
21	0.313093841056677
22	0.321610078332653
23	0.0846420657351289
24	0.0907330142980589
25	0.0843208734550974
26	0.0954761409281816
27	0.0873503919590841
28	0.0889728356497787
29	0.0825535922740985
30	0.082860454407646
31	0.044723017587139
32	0.0440342409693386
33	0.0452867762155336
34	0.0469499648584858
35	0.0455176864054299
36	0.0438916364199789
37	0.0449261366100755
38	0.046507279919408
39	0.046886504368397
40	0.0451115752557301
41	0.0445573833571362
42	0.0445335542505473
43	0.0454832619783196
44	0.0442859205141727
45	0.0449464341091686
46	0.0487829055820332
47	0.0441332142705316
48	0.0448432203279164
49	0.0449993453486916
50	0.0448292593653083
51	0.0447693334163774
52	0.0456235467723089
53	0.0443792368125946
54	0.0438389873717133
55	0.0449818122977629
56	0.0445894647933944
57	0.046643981796846
58	0.0480587253670715
59	0.0470101349645295
60	0.0458470297285477
61	0.0454387576704934
62	0.0450100794864756
63	0.0459803606623482
64	0.0465404865088483
65	0.0454451665252196
66	0.0478811596083069
67	0.0440071573824373
68	0.0453311439984634
69	0.0439197458398459
70	0.0443665054313549
71	0.0448704730526013
72	0.0456676365508631
73	0.0444776737700789
74	0.0480516124473438
75	0.0444080438040708
76	0.0445404573912565
77	0.0460592032191948
78	0.0445602465249837
79	0.0470506012805709
80	0.0448588508408013
81	0.0501024698817168
82	0.0449462405755201
83	0.0455206157099706
84	0.0464192928336257
85	0.0463085064242523
86	0.0456260228955928
87	0.04425003460741
88	0.0447228892683431
89	0.0440959069928225
90	0.0439723687186121
91	0.0440299790902762
92	0.0457145112126452
93	0.0456901621820088
94	0.0468669077855309
95	0.0460008841814891
96	0.0460437287746611
97	0.0444082325906549
98	0.0438210675642392
99	0.0438764410907598
