0	0.482912263637364
1	0.440699954483057
2	0.382800652034987
3	0.684242510278879
4	0.617707839981001
5	0.314559884048176
6	0.382102150716936
7	0.383433708786269
8	0.385807129260024
9	0.262772836985598
10	0.330032667185425
11	0.292090240668613
12	0.263084072312015
13	0.274572276433625
14	0.248033050532603
15	0.26173570373696
16	0.34849081947615
17	0.327163368634958
18	0.292729748216713
19	0.348542598900129
20	0.276419619744764
21	0.306359208864713
22	0.283790903728669
23	0.350538702951565
24	0.262567238085405
25	0.266036080522632
26	0.266012513479245
27	0.220931777696381
28	0.123010328581801
29	0.120543237549983
30	0.110662700920784
31	0.109888432133943
32	0.115831580656489
33	0.109023580256306
34	0.110313564093049
35	0.114041035161405
36	0.11085039341668
37	0.119544946689746
38	0.120436473542665
39	0.127537157336391
40	0.128447127541243
41	0.125094044058821
42	0.115416176365929
43	0.11440823520026
44	0.112493619726528
45	0.117844648761411
46	0.110948259511975
47	0.111886134736094
48	0.118445315034852
49	0.11443900624759
50	0.11491760071356
51	0.11812245307912
52	0.138835139457299
53	0.111562050336229
54	0.111111859339741
55	0.118338075458736
56	0.11133852606053
57	0.119455760085388
58	0.127081595797052
59	0.12122546772385
60	0.124435205092969
61	0.12159724064286
62	0.116772744741996
63	0.122812213562105
64	0.132723004644959
65	0.115283334896224
66	0.115596885220493
67	0.108936410264793
68	0.112656572245306
69	0.114680747541007
70	0.111781146987093
71	0.136491405013958
72	0.135491142037033
73	0.112783729969131
74	0.111226032150025
75	0.119568627549012
76	0.124693769640273
77	0.114067560129229
78	0.129715005398381
79	0.115364435413574
80	0.128581938739868
81	0.122876991920576
82	0.113100127597199
83	0.115557953186836
84	0.125905838568609
85	0.109300417018368
86	0.115268221099054
87	0.126190197426385
88	0.128952201471397
89	0.109150551768129
90	0.121394136762149
91	0.110527404314148
92	0.148877283202226
93	0.111932766690286
94	0.119686678179825
95	0.115091368254201
96	0.0637808035541561
97	0.0586684816612697
98	0.0583122349610169
99	0.0584487603307273
