0	0.423063949636199
1	0.328936478680561
2	0.38134326590986
3	0.290030875958811
4	0.269992868255524
5	0.267919585949516
6	0.325121166291998
7	0.290405083346193
8	0.289565618135477
9	0.33624023015948
10	0.360946051341262
11	0.287150675908582
12	0.359084586878875
13	0.388133482454838
14	0.340178176639592
15	0.354444695606872
16	0.282648543828363
17	0.280903176997186
18	0.279783808182068
19	0.269477525087525
20	0.308373267162642
21	0.284521512523964
22	0.19885638894273
23	0.163384884926703
24	0.192346820471195
25	0.167278420040742
26	0.181467357656288
27	0.196589630677646
28	0.177560712252601
29	0.194674982100388
30	0.171928813926941
31	0.238224901563102
32	0.166514966992031
33	0.181876391894782
34	0.1787778241048
35	0.177213981679187
36	0.177478242210995
37	0.199485126156034
38	0.165674641075266
39	0.16793182733108
40	0.180642220085775
41	0.206667560649495
42	0.179379617251086
43	0.158377995169079
44	0.163116728678128
45	0.1616613643236
46	0.197416915286491
47	0.166676529864175
48	0.204022830623295
49	0.184346681965183
50	0.165144229839671
51	0.174079970521898
52	0.180805691138512
53	0.173842967665701
54	0.158547264231825
55	0.188262534402577
56	0.210761824531975
57	0.166654510170947
58	0.197960217061703
59	0.176980331162089
60	0.15936135990996
61	0.177326822723587
62	0.16766586781755
63	0.167169041174521
64	0.167099528092201
65	0.165666085742851
66	0.184843854109074
67	0.161618207537284
68	0.159435227972283
69	0.166077111584001
70	0.206141924321054
71	0.167076607611939
72	0.201622411434897
73	0.171883351095314
74	0.190128319583215
75	0.174338468595893
76	0.174970377082531
77	0.188941495658227
78	0.186805451206842
79	0.181954135050726
80	0.173614247104021
81	0.185897222071313
82	0.209531096384209
83	0.163695451319535
84	0.173202223479841
85	0.176703558869427
86	0.19294415212619
87	0.167626079799641
88	0.158059182919087
89	0.184922802679483
90	0.182344225835926
91	0.163953662789154
92	0.176395710819707
93	0.171954358403083
94	0.111450020114944
95	0.116261601843649
96	0.124356497844764
97	0.110859237189404
98	0.131243641520513
99	0.115466463386541
