0	0.603969700473851
1	0.636056420223865
2	1.27201913927207
3	0.138598305211507
4	0.115232112852763
5	0.135249380003183
6	0.134800017858634
7	0.120718669952731
8	0.116752743975604
9	0.115961802912496
10	0.130576286439136
11	0.12075421971418
12	0.142882038730296
13	0.119791879407605
14	0.12113880614144
15	0.121076952091083
16	0.130591850136399
17	0.119512141742212
18	0.128718246033624
19	0.136691381395113
20	0.125361406359569
21	0.11975550428811
22	0.117730727242431
23	0.133630162654707
24	0.121341718865392
25	0.131367486377424
26	0.149565442742176
27	0.124640642856024
28	0.117125967089639
29	0.124869125898979
30	0.126771156759245
31	0.136769301153344
32	0.116960335882655
33	0.127953086532252
34	0.122390256108449
35	0.126688406488564
36	0.115116203394253
37	0.125449747979509
38	0.123638764773807
39	0.121207341237572
40	0.117713535287158
41	0.116624690373889
42	0.11597235278336
43	0.127376919998236
44	0.116429937462289
45	0.115350229391811
46	0.14317054745399
47	0.127936335982682
48	0.138890114639944
49	0.119114878838244
50	0.119875970924544
51	0.116253185495404
52	0.121650087338564
53	0.128405460570916
54	0.128233182188919
55	0.137931758193856
56	0.115190973444737
57	0.127515144065026
58	0.139641560853483
59	0.139580900311413
60	0.119455031387473
61	0.129009818442192
62	0.136905025230316
63	0.121721051345149
64	0.119795249212648
65	0.116439922170328
66	0.127815223715945
67	0.12264740972884
68	0.127181759323113
69	0.117305887989779
70	0.128022713593549
71	0.137942956602297
72	0.131019567514925
73	0.124923976822324
74	0.121605470827635
75	0.119787537367245
76	0.139648543650123
77	0.126977444922729
78	0.121017617866994
79	0.115284485875522
80	0.134686397793367
81	0.119046266212764
82	0.118077777890335
83	0.119921917104711
84	0.1226789737451
85	0.125443292307852
86	0.116583257387078
87	0.126035643542044
88	0.128678628797619
89	0.140269038138578
90	0.11719643451215
91	0.121245533345291
92	0.122770027673428
93	0.120668222131314
94	0.134500364402781
95	0.120850864293684
96	0.122571537631223
97	0.141621543474412
98	0.116971678377469
99	0.116197532759648
