0	0.597139038537042
1	0.281266882022818
2	0.215714138505024
3	0.247546910784069
4	0.225849304494649
5	0.220691224766324
6	0.197537090435818
7	0.126182807999756
8	0.110338465881849
9	0.112673432557128
10	0.111430409777717
11	0.124283303276841
12	0.130926521711105
13	0.129260754305081
14	0.137058151586275
15	0.128114950720857
16	0.121576683936068
17	0.143400124056701
18	0.141036090172548
19	0.135205325811604
20	0.122229792612517
21	0.140458400579884
22	0.128021850577326
23	0.127221682931822
24	0.126936588326909
25	0.136447444485524
26	0.147030501355307
27	0.122365775130757
28	0.122477070080257
29	0.119782367413719
30	0.132712057803377
31	0.127941348638462
32	0.124109094657913
33	0.132068173419453
34	0.134111993340117
35	0.141242990176241
36	0.120377335231597
37	0.134089794064044
38	0.143563152161723
39	0.133357661602701
40	0.125797523236832
41	0.129171369870949
42	0.130907919839593
43	0.126789055780901
44	0.123720289556511
45	0.125849542350398
46	0.125622183017878
47	0.154970929477553
48	0.134843672529445
49	0.120240388972665
50	0.125985925391373
51	0.124127365986684
52	0.127585435877516
53	0.120417798859208
54	0.120315677658458
55	0.129988478862545
56	0.139706534885933
57	0.120213896472251
58	0.128054777914837
59	0.12488326978286
60	0.126539955101274
61	0.126220144866231
62	0.128549370925486
63	0.132313192975054
64	0.133599518941638
65	0.12925914723282
66	0.122830254020347
67	0.124826937316006
68	0.127197649204743
69	0.130323205697893
70	0.123229608083864
71	0.13575358376278
72	0.163266471406865
73	0.125192305226993
74	0.122996215483171
75	0.138968919219482
76	0.136005984395724
77	0.121573907279856
78	0.131158354324988
79	0.121861884287453
80	0.126300949138532
81	0.131714760900599
82	0.133017552718249
83	0.145765061536534
84	0.123015089948031
85	0.121401562093698
86	0.136848372853809
87	0.12039495112545
88	0.120564329860913
89	0.145816174533415
90	0.123023542615425
91	0.127533310942022
92	0.138894439478938
93	0.133596819088207
94	0.124594614137491
95	0.131368858902872
96	0.130511068110901
97	0.125125959563168
98	0.139672762839351
99	0.134395840845878
