0	0.880409679096247
1	0.0811077849462613
2	0.0843433744526617
3	0.085436090851685
4	0.081660082202975
5	0.0854458885131922
6	0.0857864719267328
7	0.0834265277222541
8	0.0820073995827311
9	0.0870415352791919
10	0.0871510552113926
11	0.0843199204678892
12	0.0819989837154124
13	0.0850841441548747
14	0.0852417600946677
15	0.0886483300740616
16	0.0872674958635825
17	0.0823526569225483
18	0.0837980975769139
19	0.0857501283561058
20	0.0845353892880821
21	0.0813258550285053
22	0.0820231910154547
23	0.0874719367440258
24	0.0963364492373225
25	0.084648320266613
26	0.0889383404362251
27	0.0813028757140922
28	0.0882477845777709
29	0.0831579502580711
30	0.0810347146103555
31	0.0851159322874744
32	0.0853351281267391
33	0.0810492160083859
34	0.0841727324410017
35	0.0828090545672912
36	0.0831584560592252
37	0.0861446924344695
38	0.0889522838981491
39	0.103159097701968
40	0.0885524545734318
41	0.0826004427044386
42	0.0855437774085044
43	0.0864575445153522
44	0.0910860541359071
45	0.0834373349452822
46	0.084552874325467
47	0.0929335182018734
48	0.0863782044503034
49	0.083981126760584
50	0.0809361995449259
51	0.0861128476210258
52	0.0824477106101509
53	0.0923731092286474
54	0.0869624756856006
55	0.0870768042741827
56	0.0832573617083478
57	0.0819859012859579
58	0.0918696735292053
59	0.0824796070879091
60	0.0899522080763293
61	0.0832187012516276
62	0.090236040473062
63	0.0831295202198712
64	0.0883764584547094
65	0.0832384012240266
66	0.0803370770875863
67	0.0825274098101716
68	0.0842391987670743
69	0.0823677538439398
70	0.0860573274844972
71	0.0889950164565836
72	0.0823433474866508
73	0.080293556502029
74	0.0869894401041448
75	0.088445158582189
76	0.0888261832247109
77	0.087376160167943
78	0.0889583385581773
79	0.0814542911784103
80	0.0842774172019558
81	0.0814278719223122
82	0.089021185558078
83	0.0820462851248484
84	0.0874631238583879
85	0.0836832885421867
86	0.0822602996668499
87	0.08249728686812
88	0.0811798264424704
89	0.0809926261285277
90	0.0894295865014803
91	0.0859660745300401
92	0.0806109484456776
93	0.0917326776126869
94	0.0866500223719639
95	0.0879565000286755
96	0.0807055771303259
97	0.0817627046482608
98	0.0887988325196721
99	0.0833964598543787
