0	0.972797934526309
1	0.908393295224676
2	0.525240225824105
3	0.674489468912771
4	0.546239808827819
5	0.140779348583423
6	0.117639168448113
7	0.137991617764294
8	0.130649046562709
9	0.13070707002893
10	0.1170805298386
11	0.120856530077174
12	0.117675837833182
13	0.140884188424565
14	0.136994139882738
15	0.125902185952847
16	0.155786516937648
17	0.119128195243908
18	0.134611047365349
19	0.133808076476814
20	0.118490405139988
21	0.122281457853277
22	0.117647509939615
23	0.12707524812069
24	0.0484179538162652
25	0.0515697706867039
26	0.0477974506244109
27	0.0500619016458283
28	0.0492132790355908
29	0.0483225526243412
30	0.0501226185423258
31	0.0480667335840151
32	0.0473560434746929
33	0.0520158938183276
34	0.04833491739423
35	0.049883375438109
36	0.0482716014274131
37	0.0524823481585463
38	0.049109783467
39	0.0471602250461487
40	0.0503553108244751
41	0.0513464137463571
42	0.0480508665501208
43	0.0480092079533713
44	0.0500773064822925
45	0.0475848982039132
46	0.0479508896324429
47	0.048415655161491
48	0.0493734477187961
49	0.0481200080967431
50	0.0482764814793456
51	0.0492563995823709
52	0.0472978573272652
53	0.0510427833578068
54	0.0493939973836339
55	0.0483529404497733
56	0.0509268293217351
57	0.047496185837701
58	0.0495717539766965
59	0.0503127373736467
60	0.0499204873177045
61	0.0504180689597307
62	0.0502576662545848
63	0.0475348998073697
64	0.0476199757639672
65	0.0482701878659176
66	0.04745742214516
67	0.04947592116764
68	0.0480407251977054
69	0.0486072169084431
70	0.0493404437092333
71	0.0476822461027454
72	0.0471846833653334
73	0.0473870843603948
74	0.0504138986247537
75	0.0486278406000454
76	0.0502531210608254
77	0.0473731098327824
78	0.0517158276191261
79	0.0477359582384493
80	0.0482590309336488
81	0.0481432692532013
82	0.049018318072919
83	0.0473103650007342
84	0.0490003400971597
85	0.0482907563889629
86	0.0524623925233426
87	0.0504752177063006
88	0.0484573975180848
89	0.0476877177834598
90	0.0500954592613938
91	0.0505142459669088
92	0.048537006154948
93	0.0503908237840924
94	0.0472486491618791
95	0.047480548094908
96	0.0491060925123805
97	0.0503589525519465
98	0.0496734737808736
99	0.0473644471661502
