0	0.304787267603249
1	0.344790358172439
2	0.406797348019513
3	0.414809828681361
4	0.284528431519368
5	0.285016930399535
6	0.398418160064239
7	0.277671805315729
8	0.29968994510877
9	0.34672996357322
10	0.36869327401041
11	0.293813980870432
12	0.294462472650478
13	0.43350956387776
14	0.333985845152937
15	0.322390009097544
16	0.33875995327397
17	0.293836688497821
18	0.334889812661317
19	0.406083443320697
20	0.360931376761782
21	0.223542186070751
22	0.365610209106168
23	0.224768181837398
24	0.219811403702289
25	0.217045161733196
26	0.19238776768137
27	0.195555193285983
28	0.181643066925175
29	0.194163789125802
30	0.22029658845052
31	0.204940925299862
32	0.127659975386063
33	0.125485389135878
34	0.127603055673572
35	0.120966382202007
36	0.126315776266382
37	0.12654613309908
38	0.122807455373651
39	0.131087569005067
40	0.124924049731926
41	0.124528208042477
42	0.139585665516042
43	0.121124252549354
44	0.140800298209066
45	0.130422702865158
46	0.129170705499967
47	0.14949735303065
48	0.144277873502633
49	0.125837722653565
50	0.150092686325382
51	0.122355034190817
52	0.1253003447436
53	0.133864885701106
54	0.135068644216336
55	0.126187006815167
56	0.120553948527349
57	0.129244468279029
58	0.133313396010552
59	0.129180259339686
60	0.123079576112955
61	0.122277923663555
62	0.123981145406234
63	0.12174373086362
64	0.123908259014717
65	0.147276479250135
66	0.1456089515868
67	0.135430454622174
68	0.142454860858909
69	0.136221943710339
70	0.135019597644695
71	0.152100350460187
72	0.136967907955211
73	0.126244154086154
74	0.139276840714603
75	0.131624130620759
76	0.135607239863781
77	0.067812564737455
78	0.0635658480906283
79	0.0652440698330638
80	0.0643784152385415
81	0.0663910310100395
82	0.0657219534434601
83	0.0692863843760477
84	0.0723141913200193
85	0.0748386901107698
86	0.0636343053847244
87	0.0651214505827269
88	0.0636858820030459
89	0.0680688900910083
90	0.07033967187088
91	0.0662228192640486
92	0.0680135804444903
93	0.0671676296138857
94	0.0682910536524838
95	0.0645735013955396
96	0.0687078765740463
97	0.0658964877781792
98	0.065249314118675
99	0.0655642240096185
