44	192	0.391914601364	0.0160462444225	100000	2.22222222222	0.352702762736	90.9473679568	9.31667804718	232638.0
88	229	0.487187459982	0.0686263834342	100000	2.22222222222	0.122719772944	96.2947362348	19.8692259789	559250.0
94	21	0.359715631285	0.0218489520939	100000	2.22222222222	0.0683840553423	97.8315792586	26.0784299374	611288.0
71	128	0.341598815257	0.243837587288	100000	2.22222222222	0.0595022060565	98.2105267675	15.664124012	421584.0
66	31	0.492780765955	0.0854224682739	100000	2.22222222222	0.0621273587213	98.10526371	17.1989929676	383844.0
33	27	0.23389946996	0.0334037978522	100000	2.22222222222	0.0814062200095	97.4421055693	11.4486558437	166110.0
31	255	0.362883738164	0.0154260664305	100000	2.22222222222	0.528193556949	87.2631578069	7.91849899292	154664.0
56	172	0.322491782871	0.0788856710782	100000	2.22222222222	0.112739554557	96.7684209347	13.173566103	312114.0
38	27	0.19188222551	0.0440786907158	100000	2.22222222222	0.0724131111056	97.9263155084	11.3910250664	195600.0
32	139	0.720158877624	0.035150236684	100000	2.22222222222	0.109646042515	96.5473689531	7.2835547924	160362.0
34	20	0.194343650969	0.01006692654	100000	2.22222222222	0.1237639526	96.5052639183	11.9344339371	171908.0
12	20	0.162483139526	0.0196258668747	100000	2.22222222222	0.116987308781	96.6105263484	6.84352588654	55902.0
77	40	0.272658125207	0.251089301137	100000	2.22222222222	0.0534000122233	98.400000522	18.8471801281	468522.0
60	19	0.135604745033	0.0254006064792	100000	2.22222222222	0.074486299565	97.8631584268	18.3815870285	340206.0
45	95	0.836509884016	0.0332225308462	100000	2.22222222222	0.0723078430287	97.5894739753	10.3625359535	238986.0
40	19	0.822374235878	0.112073425046	100000	2.22222222222	2.31935405731	9.81052639453	13.0122671127	207746.0
12	64	0.0367237588487	0.182899372573	100000	2.22222222222	0.123787595449	96.3894740531	5.05537819862	55902.0
70	213	0.476504630276	0.206465432967	100000	2.22222222222	0.0757655183736	97.5999995282	15.2489459515	413936.0
52	166	0.843872764465	0.248895166726	100000	2.22222222222	0.0763769514467	97.6000004693	12.7055408955	284822.0
76	141	0.668268302573	0.0463459045108	100000	2.22222222222	0.0899437328703	97.4842099767	16.5570960045	460574.0
43	42	0.903466545308	0.0253502446261	100000	2.22222222222	0.0563767913141	98.1473687448	11.3371360302	226340.0
30	18	0.215508685507	0.0204385437704	100000	2.22222222222	0.0854618633656	97.3473686921	11.4108281136	149016.0
35	73	0.494803544248	0.0201076319614	100000	2.22222222222	0.139939403063	95.9473685214	9.24067497253	177756.0
93	54	0.855495416819	0.225555323552	100000	2.22222222222	2.30585793445	9.94736834576	23.324349165	602490.0
45	199	0.0202985863176	0.0543034906611	100000	2.22222222222	0.19277112931	94.4842109555	9.96056199074	238986.0
81	73	0.231716748483	0.259616982443	100000	2.22222222222	0.0557034055849	98.1684211053	18.7076840401	500814.0
92	170	0.29325461581	0.0375388079471	100000	2.22222222222	0.162858217562	95.221052358	21.0963449478	593742.0
92	170	0.29325461581	0.0375388079471	100000	6.66666666667	0.159682802072	95.1894735035	21.1117768288	593742.0
77	40	0.272658125207	0.251089301137	100000	6.66666666667	0.0638906863567	98.0736845418	19.1874570847	468522.0
43	42	0.903466545308	0.0253502446261	100000	6.66666666667	0.0604420142542	98.2315794418	11.314522028	226340.0
71	128	0.341598815257	0.243837587288	100000	6.66666666667	0.0580106144281	98.1368422508	15.7353210449	421584.0
33	27	0.23389946996	0.0334037978522	100000	6.66666666667	0.0838780834487	97.4000005346	10.7596790791	166110.0
45	95	0.836509884016	0.0332225308462	100000	6.66666666667	0.072748769859	97.7684212358	10.4679498672	238986.0
94	21	0.359715631285	0.0218489520939	100000	6.66666666667	0.0680296825931	97.8842107873	26.1797001362	611288.0
38	27	0.19188222551	0.0440786907158	100000	6.66666666667	0.0670346493196	97.9578956177	11.3561520576	195600.0
60	19	0.135604745033	0.0254006064792	100000	6.66666666667	0.0746259338369	97.821053392	18.3226089478	340206.0
43	42	0.903466545308	0.0253502446261	100000	20.0	0.0457569291619	98.6631578521	22.108948946	226340.0
71	128	0.341598815257	0.243837587288	100000	20.0	0.0376575895536	98.8631584142	31.4858591557	421584.0
92	170	0.29325461581	0.0375388079471	100000	20.0	0.159526361839	95.4736841352	21.2558429241	593742.0
43	42	0.903466545308	0.0253502446261	100000	60.0	0.028418683741	99.052631855	66.4230549335	226340.0
27	89	0.999363676815	0.0117501606199	100000	6.66666666667	2.34055632039	10.6315789254	7.604804039	132372.0
80	31	0.674800348815	0.0370807987988	100000	6.66666666667	0.0509158875793	98.3789472204	20.0569651127	492666.0
31	40	0.306614411693	0.0345815449238	100000	6.66666666667	0.0875426746513	97.3894737269	9.36690592766	154664.0
27	166	0.999115176782	0.292537131878	100000	6.66666666667	2.4174045638	9.59999996581	7.08288097382	132372.0
55	44	0.182762077693	0.0170736386333	100000	6.66666666667	0.137238449172	95.8736840047	14.9015231133	305216.0
93	25	0.821762631335	0.10014045014	100000	6.66666666667	0.782514691353	76.6526319479	26.440433979	602490.0
67	18	0.176410266614	0.0101673536196	100000	6.66666666667	0.102188774041	97.1789476119	19.6854848862	391292.0
26	126	0.468496804503	0.014073991713	100000	6.66666666667	0.28390293137	92.4421050047	7.19110798836	126924.0
94	21	0.991244211913	0.206412429738	100000	6.66666666667	2.47303621393	10.3368421526	26.1783919334	611288.0
31	40	0.306614411693	0.0345815449238	100000	20.0	0.0531896540993	98.2842112842	27.9370338917	154664.0
80	31	0.674800348815	0.0370807987988	100000	20.0	0.0613321881545	98.0947369023	20.1120259762	492666.0
67	18	0.176410266614	0.0101673536196	100000	20.0	0.0682892842512	97.9578956177	38.3883800507	391292.0
31	40	0.306614411693	0.0345815449238	100000	60.0	0.0325172490587	98.9578949778	65.4271380901	154664.0
61	19	0.618876522655	0.0346602487419	100000	20.0	0.0551251253897	98.410527016	37.2555780411	347354.0
99	134	0.201638020063	0.162190600433	100000	20.0	0.0674804983366	97.8526313054	24.205313921	656028.0
81	27	0.226715429452	0.0114485405048	100000	20.0	0.111613349303	96.5999998544	21.1814639568	500814.0
23	16	0.683324042177	0.062531966309	100000	20.0	0.0993503224301	97.5368418192	27.9153249264	110880.0
67	85	0.513135013747	0.0365588602185	100000	20.0	0.0651432324789	97.968421798	31.6090459824	391292.0
63	77	0.186829352992	0.0211462267377	100000	20.0	0.10447821374	96.8947372938	30.530632019	361800.0
67	85	0.513135013747	0.0365588602185	100000	60.0	0.0441493872357	98.6315786839	62.8119280338	391292.0
61	19	0.618876522655	0.0346602487419	100000	60.0	0.0300474821002	99.1368416109	74.2236249447	347354.0
12	41	0.0933352287817	0.301532373632	100000	60.0	0.0704680923373	98.1894740933	62.29144907	55902.0
59	211	0.137611572225	0.0367301888761	100000	60.0	0.0797804397972	97.663158492	69.1403400898	333108.0
96	174	0.142235493838	0.0676398409323	100000	60.0	0.0705124765242	97.8947369676	68.428388834	629034.0
50	101	0.138836671681	0.0275476905854	100000	60.0	0.065571007858	98.094737216	64.1378529072	271476.0
90	44	0.686613875977	0.0390367606432	100000	2.22222222222	0.0523887651139	98.4105267023	22.4890220165	576396.0
39	19	0.507507281264	0.215679271325	100000	2.22222222222	1.01997517912	66.3368429008	12.95399189	201648.0
12	64	0.0437982517146	0.182268278755	100000	2.22222222222	0.082587766314	97.5789471676	4.98392796516	55902.0
90	60	0.059024722979	0.0130706323006	100000	2.22222222222	0.206825081063	94.1789467084	22.2042839527	576396.0
47	217	0.685065771064	0.0438080741228	100000	2.22222222222	0.113431234697	96.5263156514	10.2445759773	251832.0
64	30	0.102055778132	0.305860678004	100000	2.22222222222	0.0995081529806	97.1052630952	17.1788570881	369098.0
70	193	0.480533428107	0.0117241203811	100000	2.22222222222	0.362106348339	90.5684201341	15.3574681282	413936.0
17	95	0.335875741541	0.133881667403	100000	2.22222222222	0.0844434026237	97.5368418192	5.79902791977	80142.0
26	90	0.30438248065	0.0146485977595	100000	2.22222222222	0.245460689852	93.7157894436	7.46385288239	126924.0
37	43	0.537810811883	0.0151067486841	100000	2.22222222222	0.109362519101	96.6736843711	10.3247060776	189602.0
92	197	0.993729234138	0.0964538765934	100000	2.22222222222	2.38545132938	9.87368426041	21.2113890648	593742.0
85	157	0.724848547311	0.125784375687	100000	2.22222222222	0.0562793644831	98.2947368371	19.076900959	533906.0
54	97	0.4394547397	0.0279247655379	100000	2.22222222222	0.13320762468	96.0631583866	13.5825848579	298368.0
59	142	0.158716137252	0.208833665063	100000	2.22222222222	0.0702926080282	97.7684215495	14.0932540894	333108.0
17	73	0.857958963612	0.0137335510066	100000	2.22222222222	0.101716196263	97.0210527119	6.01508998871	80142.0
20	171	0.424128743078	0.235177006586	100000	2.22222222222	0.0828786059038	97.5894730342	5.94302606583	95286.0
89	21	0.768142149877	0.0332769281533	100000	2.22222222222	0.0506419518864	98.4526314233	24.9638490677	567798.0
32	30	0.574886837745	0.035548705154	100000	2.22222222222	0.0685017812801	97.8105272117	9.16437506676	160362.0
88	46	0.828834106714	0.0522034805115	100000	2.22222222222	0.0491485112396	98.4421055568	21.3204689026	559250.0
62	48	0.252691031373	0.280222795535	100000	2.22222222222	0.0583085185407	98.1684211053	15.9080591202	354552.0
91	202	0.516930246939	0.053019773424	100000	2.22222222222	0.115868368431	96.4947367969	20.8469450474	585044.0
54	28	0.901335392863	0.0861775837103	100000	2.22222222222	2.31107888724	9.59999996581	15.7532761097	298368.0
86	16	0.964930794033	0.121501287108	100000	2.22222222222	2.3314420424	9.94736834576	24.2215960026	542304.0
19	112	0.671275672724	0.203917756342	100000	2.22222222222	0.0706353035608	97.7789480435	5.77005910873	90188.0
96	33	0.764063983645	0.0288277734143	100000	2.22222222222	0.0479035234863	98.5684216022	25.7898080349	629034.0
23	104	0.796101400568	0.0849659301789	100000	2.22222222222	0.070194909055	97.9157893281	6.18105602264	110880.0
23	29	0.438121480713	0.050556368218	100000	2.22222222222	0.0632168916299	98.1052630826	7.71951508522	110880.0
19	112	0.671275672724	0.203917756342	100000	6.66666666667	0.0618497390104	98.2842103431	11.6819198132	90188.0
88	46	0.828834106714	0.0522034805115	100000	6.66666666667	0.0539818100239	98.200000901	21.1507530212	559250.0
20	171	0.424128743078	0.235177006586	100000	6.66666666667	0.0511631199992	98.3684213538	11.4515559673	95286.0
90	44	0.686613875977	0.0390367606432	100000	6.66666666667	0.0559217278895	98.2736847903	22.4527888298	576396.0
85	157	0.724848547311	0.125784375687	100000	6.66666666667	0.062708103147	98.0736842281	18.6752259731	533906.0
23	29	0.438121480713	0.050556368218	100000	6.66666666667	0.0751945472469	97.6210525161	7.9621450901	110880.0
62	48	0.252691031373	0.280222795535	100000	6.66666666667	0.0547060625334	98.2631579826	15.8387229443	354552.0
32	30	0.574886837745	0.035548705154	100000	6.66666666667	0.0616478121987	98.0421056873	9.17571997643	160362.0
23	104	0.796101400568	0.0849659301789	100000	6.66666666667	0.0509063463756	98.494737713	12.625838995	110880.0
23	104	0.796101400568	0.0849659301789	100000	20.0	0.0469197589708	98.6210521899	24.8444230556	110880.0
20	171	0.424128743078	0.235177006586	100000	20.0	0.0441873855889	98.6526319855	22.8572421074	95286.0
88	46	0.828834106714	0.0522034805115	100000	20.0	0.048774848447	98.3789469066	21.4836540222	559250.0
20	171	0.424128743078	0.235177006586	100000	60.0	0.0294024869064	99.1473681048	62.4700829983	95286.0
31	128	0.307694261284	0.0339373754383	100000	6.66666666667	0.163435156016	95.4526311473	8.13010787964	154664.0
67	64	0.447116483699	0.0254361462348	100000	6.66666666667	0.103249967098	96.8736849333	16.2398941517	391292.0
16	20	0.896072202709	0.0201617931797	100000	6.66666666667	0.114229308735	96.6736843711	6.99826002121	75194.0
44	50	0.871421638381	0.0288847610552	100000	6.66666666667	0.0616691268392	98.0526315539	10.3884558678	232638.0
31	249	0.344651696143	0.236271533293	100000	6.66666666667	0.0902551802758	97.2631576814	7.85361289978	154664.0
32	73	0.0784335930552	0.147195171959	100000	6.66666666667	0.0813013929874	97.4210528951	7.77780890465	160362.0
72	27	0.554355753554	0.0272308650767	100000	6.66666666667	0.0588368173493	98.2210526341	19.0167131424	429282.0
19	90	0.283454281215	0.246005698168	100000	6.66666666667	0.0566731239914	98.252632116	11.938655138	90188.0
55	48	0.146759902496	0.0500659692684	100000	6.66666666667	0.0867855858646	97.4842106041	14.7618739605	305216.0
19	90	0.283454281215	0.246005698168	100000	20.0	0.0428826183963	98.6842105263	23.9678258896	90188.0
72	27	0.554355753554	0.0272308650767	100000	20.0	0.0472475559892	98.5263159401	37.2819800377	429282.0
44	50	0.871421638381	0.0288847610552	100000	20.0	0.043776102168	98.7684212233	21.6398501396	232638.0
19	90	0.283454281215	0.246005698168	100000	60.0	0.0324997483312	99.1368422383	65.7054889202	90188.0
22	49	0.726591040524	0.0174959306631	100000	20.0	0.0471638686171	98.5684216022	20.9315760136	105632.0
24	44	0.753937754322	0.305238131449	100000	20.0	2.31015299496	10.6315789254	24.2269809246	116178.0
14	49	0.491420555485	0.0225356421211	100000	20.0	0.0670781608083	97.9368423161	23.5015487671	65448.0
78	45	0.408533390507	0.285909356851	100000	20.0	0.0711548699458	97.9263164495	37.496243	476520.0
54	16	0.589020643378	0.21393907088	100000	20.0	2.31248529334	10.8947368829	35.4126360416	298368.0
12	120	0.906393283347	0.0312530756357	100000	20.0	0.0495705683961	98.4631579173	22.1017379761	55902.0
22	49	0.726591040524	0.0174959306631	100000	60.0	0.0354047307352	98.9684208443	62.7602880001	105632.0
12	120	0.906393283347	0.0312530756357	100000	60.0	0.03352186971	99.0315788671	62.002833128	55902.0
16	188	0.474051276626	0.12593120374	100000	60.0	0.0343227686459	98.9473687975	60.6530778408	75194.0
78	53	0.62674057785	0.043882794183	100000	60.0	0.0342225257405	99.0105268202	73.4938998222	476520.0
23	18	0.385035589586	0.0155711666226	100000	60.0	0.0386124460125	98.8947372687	62.4611718655	110880.0
23	49	0.148447503375	0.0668918350895	100000	60.0	0.0331749816817	99.1263163717	63.2080299854	110880.0
32	157	0.0326325217252	0.102596473653	100000	2.22222222222	0.13114649528	96.0210524107	7.2885799408	160362.0
40	116	0.388219585124	0.0231823545972	100000	2.22222222222	0.17428616003	95.0000000627	9.38686299324	207746.0
16	152	0.583026934673	0.0298955563388	100000	2.22222222222	0.198544128553	94.5263156765	4.91734409332	75194.0
31	46	0.247162580637	0.076739292228	100000	2.22222222222	0.0674578891577	97.8842104736	9.04115605354	154664.0
98	34	0.365841317862	0.251706852015	100000	2.22222222222	0.0608626577611	98.0105258917	26.5135519505	646980.0
33	17	0.295821783753	0.0163634991249	100000	2.22222222222	0.084881529212	97.5052632784	11.9412918091	166110.0
44	175	0.392478859571	0.0571205292683	100000	2.22222222222	0.137320757304	96.1368419622	9.45913410187	232638.0
47	209	0.0500906395676	0.0145535262596	100000	2.22222222222	0.760404025253	83.8947368296	10.1776998043	251832.0
26	77	0.327538677612	0.0104472206675	100000	2.22222222222	0.300121727743	91.7789478051	7.44912290573	126924.0
20	69	0.887238595567	0.0269268781652	100000	2.22222222222	0.0679182907272	97.884211101	6.34895205498	95286.0
82	29	0.526854353961	0.0352260927365	100000	2.22222222222	0.0644900263532	97.9368420024	20.9815769196	509012.0
37	22	0.335707064954	0.0280618977431	100000	2.22222222222	0.0725509523365	97.7157897071	11.9569499493	189602.0
19	42	0.352768260635	0.129741163809	100000	2.22222222222	0.0744319139539	97.9263161358	7.03059387207	90188.0
26	143	0.56975206002	0.0114342208015	100000	2.22222222222	0.306794688106	91.4631580052	7.16414999962	126924.0
21	213	0.918091003862	0.0212355067983	100000	2.22222222222	0.103208422661	96.9263158346	5.70810604095	100434.0
20	98	0.128246136264	0.0768738808762	100000	2.22222222222	0.137639537846	95.9578940743	6.0443880558	95286.0
75	81	0.832122480296	0.0329526061329	100000	2.22222222222	0.0709740209736	97.9368429435	17.1586790085	452676.0
62	36	0.125894296965	0.204188245072	100000	2.22222222222	0.0497362893075	98.6421058052	16.5450649261	354552.0
95	94	0.389045498308	0.157415359507	100000	2.22222222222	0.0671616527007	98.0000003388	23.2400319576	620136.0
17	109	0.416560932155	0.0204380886479	100000	2.22222222222	0.255445782291	92.9368420651	5.61378312111	80142.0
81	202	0.829281638952	0.0761945097676	100000	2.22222222222	0.0645840687579	98.0421053736	17.5177090168	500814.0
23	202	0.227380692608	0.044830557321	100000	2.22222222222	0.21849115036	93.6526314208	5.78645396233	110880.0
20	118	0.485708995427	0.056854930234	100000	2.22222222222	0.110917118819	96.7052629119	5.96456599236	95286.0
93	219	0.788916137197	0.141762869966	100000	2.22222222222	0.0583132452479	98.1368416234	22.03008008	602490.0
33	69	0.424830067821	0.0418376541124	100000	2.22222222222	0.0981845908651	97.0736848681	8.99359893799	166110.0
93	44	0.802482139638	0.0316812787259	100000	2.22222222222	0.0657884927565	97.9368429435	23.497243166	602490.0
47	60	0.0468158275871	0.154313799989	100000	2.22222222222	0.0632069209885	98.0526318676	11.1046001911	251832.0
62	36	0.125894296965	0.204188245072	100000	6.66666666667	0.0553394831521	98.2105267675	16.5628290176	354552.0
93	44	0.802482139638	0.0316812787259	100000	6.66666666667	0.0573548995154	98.3368418719	23.5252277851	602490.0
31	46	0.247162580637	0.076739292228	100000	6.66666666667	0.0717176549921	97.9578946766	9.05325698853	154664.0
47	60	0.0468158275871	0.154313799989	100000	6.66666666667	0.0566924087409	98.1684211053	10.9667599201	251832.0
82	29	0.526854353961	0.0352260927365	100000	6.66666666667	0.0606639282288	98.0842113495	20.7147929668	509012.0
81	202	0.829281638952	0.0761945097676	100000	6.66666666667	0.0618478722478	98.0315788796	17.4263250828	500814.0
33	69	0.424830067821	0.0418376541124	100000	6.66666666667	0.115330864136	96.7789480561	8.98749709129	166110.0
16	152	0.583026934673	0.0298955563388	100000	6.66666666667	0.12576131954	96.5368418317	9.44329309464	75194.0
95	94	0.389045498308	0.157415359507	100000	6.66666666667	0.0545265039331	98.2631576689	23.1750991344	620136.0
16	152	0.583026934673	0.0298955563388	100000	20.0	0.0705542854573	97.9263164495	23.8511300087	75194.0
62	36	0.125894296965	0.204188245072	100000	20.0	0.0363485241113	98.7578953567	33.3508040905	354552.0
47	60	0.0468158275871	0.154313799989	100000	20.0	0.0424035252317	98.6000004568	22.6897439957	251832.0
62	36	0.125894296965	0.204188245072	100000	60.0	0.0349552797546	98.9789470246	65.9804430008	354552.0
38	28	0.598063346077	0.273440640441	100000	6.66666666667	2.30489413362	9.94736834576	11.2491099834	195600.0
80	75	0.862187384164	0.0683581984088	100000	6.66666666667	0.0647722799331	97.9263161358	18.0527589321	492666.0
47	192	0.537453724486	0.176671750177	100000	6.66666666667	0.071382398374	97.8947366539	10.2628500462	251832.0
15	75	0.192761199614	0.208840255331	100000	6.66666666667	0.0657816003322	98.0105262054	10.1070699692	70296.0
50	19	0.605403865831	0.0426284293142	100000	6.66666666667	0.0523160976407	98.2421046809	16.1769340038	271476.0
48	34	0.544218573831	0.043032407749	100000	6.66666666667	0.0590531487802	98.0526321813	13.7014200687	258330.0
29	194	0.478017719749	0.312025361685	100000	6.66666666667	0.0609230557947	98.0736842281	7.63171601295	143418.0
75	52	0.232770041344	0.149833446741	100000	6.66666666667	0.062039631664	97.9684205432	17.6856598854	452676.0
18	126	0.0784875674385	0.0429262003333	100000	6.66666666667	0.130717530454	96.4947371106	11.2836968899	85140.0
48	34	0.544218573831	0.043032407749	100000	20.0	0.0413302244422	98.6842111537	27.374117136	258330.0
50	19	0.605403865831	0.0426284293142	100000	20.0	0.0420978579572	98.7368423688	32.2284247875	271476.0
75	52	0.232770041344	0.149833446741	100000	20.0	0.0429341587679	98.8105262581	35.0790629387	452676.0
50	19	0.605403865831	0.0426284293142	100000	60.0	0.0301637586794	99.1578949125	64.2458798885	271476.0
90	82	0.630209334085	0.127469054511	100000	20.0	0.0517755523324	98.3578945461	21.425383091	576396.0
30	46	0.216796543038	0.0450466043416	100000	20.0	0.0515687317636	98.326316319	26.8983430862	149016.0
87	129	0.19341170763	0.205750441546	100000	20.0	0.0446384076127	98.7157896945	39.4219169617	550752.0
49	40	0.00402248576328	0.234662892193	100000	20.0	0.0398632195337	98.8421051126	27.3701159954	264878.0
12	146	0.503458201905	0.0833812845609	100000	20.0	0.0613384136048	98.4000002083	21.8180401325	55902.0
61	166	0.353322902962	0.255904052606	100000	20.0	0.0466429818618	98.5157891324	28.5633180141	347354.0
30	46	0.216796543038	0.0450466043416	100000	60.0	0.03805405475	98.8842107748	62.3218700886	149016.0
49	40	0.00402248576328	0.234662892193	100000	60.0	0.0344868787613	99.0736839018	68.4691641331	264878.0
18	77	0.0814745372549	0.0118281680936	100000	60.0	0.0735113975641	97.7789483572	65.9165289402	85140.0
23	87	0.1048549112	0.0775124517855	100000	60.0	0.0334579378219	98.9789473383	63.6726808548	110880.0
14	86	0.24173771402	0.0194989773498	100000	60.0	0.0553320966857	98.3789475341	63.9371459484	65448.0
89	29	0.105149185196	0.0453295910088	100000	60.0	0.0462321845913	98.6315793113	71.9926838875	567798.0
